kq4.l6b1             := -0.004881414734000 ;
kq5.l6b1             :=  0.006440120436000 ;
kq8.l6b1             := -0.003370301883000 ;
kq9.l6b1             :=  0.006849018768000 ;
kq10.l6b1            := -0.006158915659000 ;
kqtl11.l6b1          :=  0.000813577437000 ;
kqt12.l6b1           := -0.001685000000000 ;
kqt13.l6b1           :=  0.000000383513000 ;
kq4.r6b1             :=  0.004933911101000 ;
kq5.r6b1             := -0.006657507538000 ;
kq8.r6b1             :=  0.005027468439000 ;
kq9.r6b1             := -0.006236424461000 ;
kq10.r6b1            :=  0.007129315275000 ;
kqtl11.r6b1          :=  0.001207725978000 ;
kqt12.r6b1           := -0.004949569591000 ;
kqt13.r6b1           := -0.000135000000000 ;

kq4.l6b2             :=  0.004932568190000 ;
kq5.l6b2             := -0.006615942993000 ;
kq8.l6b2             :=  0.004961378477000 ;
kq9.l6b2             := -0.006272767997000 ;
kq10.l6b2            :=  0.007042841079000 ;
kqtl11.l6b2          :=  0.001034934414000 ;
kqt12.l6b2           := -0.003795255821000 ;
kqt13.l6b2           :=  0.000524110278000 ;
kq4.r6b2             := -0.004833837730000 ;
kq5.r6b2             :=  0.006412825641000 ;
kq8.r6b2             := -0.003339596647000 ;
kq9.r6b2             :=  0.006930339911000 ;
kq10.r6b2            := -0.006285778954000 ;
kqtl11.r6b2          :=  0.000998697481000 ;
kqt12.r6b2           := -0.002381607461000 ;
kqt13.r6b2           :=  0.000036339806000 ;

muxIP6b1= 2.0150000;  muyIP6b1= 1.7800000;  betxIP6b1=  187.297497;  betyIP6b1=  168.122917;  alfxIP6b1=   -0.541994;  alfyIP6b1=    0.605891;    dxIP6b1=    0.108040;   dpxIP6b1=    0.000993;
muxIP6b2= 2.0150000;  muyIP6b2= 1.7800000;  betxIP6b2=  187.749224;  betyIP6b2=  178.368556;  alfxIP6b2=    0.551968;  alfyIP6b2=   -0.607183;    dxIP6b2=    0.187389;   dpxIP6b2=   -0.001611;

