!*** IR6 Optics ***
betxIP6b1 = 187.297497; betyIP6b1 = 168.122917; alfxIP6b1 =  -0.541994; alfyIP6b1 =   0.605891; dxIP6b1   =   0.108040; dpxIP6b1  =   0.000993;
betxIP6b2 = 187.749224; betyIP6b2 = 178.368556; alfxIP6b2 =   0.551968; alfyIP6b2 =  -0.607183; dxIP6b2   =   0.187389; dpxIP6b2  =  -0.001611;
muxIP6b1  =   2.015000; muyIP6b1  =   1.780000; muxIP6b1_L=   1.092278; muyIP6b1_L=   0.765738; muxIP6b1_R=   0.922722; muyIP6b1_R=   1.014262;
muxIP6b2  =   2.015000; muyIP6b2  =   1.780000; muxIP6b2_L=   0.918703; muyIP6b2_L=   1.008931; muxIP6b2_R=   1.096297; muyIP6b2_R=   0.771069;

kq4.l6b1    =    -0.004881414734000000255065 ;
kq4.l6b2    =     0.004932555522011008129757 ;
kq4.r6b1    =     0.004933895063001182169915 ;
kq4.r6b2    =    -0.004833837730000000235120 ;
kq5.l6b1    =     0.006440123615383585090055 ;
kq5.l6b2    =    -0.006615872149573628728525 ;
kq5.r6b1    =    -0.006657406516585012007381 ;
kq5.r6b2    =     0.006412827801910443714650 ;
kq8.l6b1    =    -0.003370301997279147743908 ;
kq8.l6b2    =     0.004961396775605294261202 ;
kq8.r6b1    =     0.005027486910286133210690 ;
kq8.r6b2    =    -0.003339596897193173284657 ;
kq9.l6b1    =     0.006849025653055889652221 ;
kq9.l6b2    =    -0.006272887150890233028122 ;
kq9.r6b1    =    -0.006236574023406469408082 ;
kq9.r6b2    =     0.006930346873598713756948 ;
kq10.l6b1   =    -0.006158900670793275231030 ;
kq10.l6b2   =     0.007042860620844013964936 ;
kq10.r6b1   =     0.007129336404197655387149 ;
kq10.r6b2   =    -0.006285773085699496685874 ;
kqtl11.l6b1 =     0.000813492304799128722673 ;
kqtl11.l6b2 =     0.001034462535179286402434 ;
kqtl11.r6b1 =     0.001207016046000507648178 ;
kqtl11.r6b2 =     0.000998637790699044135961 ;
kqt12.l6b1  =    -0.001684802836263801914182 ;
kqt12.l6b2  =    -0.003795114102728609946358 ;
kqt12.r6b1  =    -0.004949259419918104752067 ;
kqt12.r6b2  =    -0.002381514386409700617664 ;
kqt13.l6b1  =    -0.000000093588397862254912 ;
kqt13.l6b2  =     0.000525368635122472208213 ;
kqt13.r6b1  =    -0.000133593248522998993884 ;
kqt13.r6b2  =     0.000035979980180465393716 ;

