!*** IR6 Optics ***
betxIP6b1 = 187.297497;
betyIP6b1 = 168.122917;
alfxIP6b1 =  -0.541994;
alfyIP6b1 =   0.605891;
dxIP6b1   =   0.108040;
dpxIP6b1  =   0.000993;
betxIP6b2 = 187.749224;
betyIP6b2 = 178.368556;
alfxIP6b2 =   0.551968;
alfyIP6b2 =  -0.607183;
dxIP6b2   =   0.187389;
dpxIP6b2  =  -0.001611;
muxIP6b1  =   2.015000;
muyIP6b1  =   1.780000;
muxIP6b1_L=   1.092278;
muyIP6b1_L=   0.765738;
muxIP6b1_R=   0.922722;
muyIP6b1_R=   1.014262;
muxIP6b2  =   2.015000;
muyIP6b2  =   1.780000;
muxIP6b2_L=   0.918703;
muyIP6b2_L=   1.008931;
muxIP6b2_R=   1.096297;
muyIP6b2_R=   0.771069;

kq4.l6b1    =    -0.004881414734000000255065 ;
kq4.l6b2    =     0.004932555252822701935544 ;
kq4.r6b1    =     0.004933894886612842471674 ;
kq4.r6b2    =    -0.004833837730000000235120 ;
kq5.l6b1    =     0.006440123594624745997916 ;
kq5.l6b2    =    -0.006615871629379765049561 ;
kq5.r6b1    =    -0.006657406162545113047224 ;
kq5.r6b2    =     0.006412827757763380973066 ;
kq8.l6b1    =    -0.003370301988463979096788 ;
kq8.l6b2    =     0.004961397469066276474936 ;
kq8.r6b1    =     0.005027487304938529043274 ;
kq8.r6b2    =    -0.003339596891418715116084 ;
kq9.l6b1    =     0.006849025443891605668956 ;
kq9.l6b2    =    -0.006272888017098497866197 ;
kq9.r6b1    =    -0.006236574546120982574793 ;
kq9.r6b2    =     0.006930346506460506768310 ;
kq10.l6b1   =    -0.006158900544254931191945 ;
kq10.l6b2   =     0.007042861152659041744373 ;
kq10.r6b1   =     0.007129336721163723362971 ;
kq10.r6b2   =    -0.006285772929902369750288 ;
kqtl11.l6b1 =     0.000813492057702047536606 ;
kqtl11.l6b2 =     0.001034459103083079124785 ;
kqtl11.r6b1 =     0.001207013571288062482242 ;
kqtl11.r6b2 =     0.000998637369732051317570 ;
kqt12.l6b1  =    -0.001684801252099398091375 ;
kqt12.l6b2  =    -0.003795117062202100436524 ;
kqt12.r6b1  =    -0.004949260858657525755100 ;
kqt12.r6b2  =    -0.002381512381984945535968 ;
kqt13.l6b1  =    -0.000000091970130145969470 ;
kqt13.l6b2  =     0.000525376603737198830807 ;
kqt13.r6b1  =    -0.000133589271048572134481 ;
kqt13.r6b2  =     0.000035982675951264778201 ;