!*** IR6 Optics ***
betxIP6b1 = 187.297497; betyIP6b1 = 168.122917; alfxIP6b1 =  -0.541994; alfyIP6b1 =   0.605891; dxIP6b1   =   0.108040; dpxIP6b1  =   0.000993;
betxIP6b2 = 187.749224; betyIP6b2 = 178.368556; alfxIP6b2 =   0.551968; alfyIP6b2 =  -0.607183; dxIP6b2   =   0.187389; dpxIP6b2  =  -0.001611;
muxIP6b1  =   2.015000; muyIP6b1  =   1.780000; muxIP6b1_L=   1.092278; muyIP6b1_L=   0.765738; muxIP6b1_R=   0.922722; muyIP6b1_R=   1.014262;
muxIP6b2  =   2.015000; muyIP6b2  =   1.780000; muxIP6b2_L=   0.918703; muyIP6b2_L=   1.008931; muxIP6b2_R=   1.096297; muyIP6b2_R=   0.771069;

kq4.l6b1    =    -0.004881382375203515908146 ;
kq4.l6b2    =     0.004932196641188679210599 ;
kq4.r6b1    =     0.004933532421014119422054 ;
kq4.r6b2    =    -0.004833941634919684121607 ;
kq5.l6b1    =     0.006440157853674762997165 ;
kq5.l6b2    =    -0.006614966054475777089416 ;
kq5.r6b1    =    -0.006656416849656557853387 ;
kq5.r6b2    =     0.006412948540745583639322 ;
kq8.l6b1    =    -0.003370373197567190764329 ;
kq8.l6b2    =     0.004962043430278805823674 ;
kq8.r6b1    =     0.005028083542972822984896 ;
kq8.r6b2    =    -0.003339887698864887986133 ;
kq9.l6b1    =     0.006849191365950311853605 ;
kq9.l6b2    =    -0.006274712847859761563618 ;
kq9.r6b1    =    -0.006238343766022182677877 ;
kq9.r6b2    =     0.006930512245773515905833 ;
kq10.l6b1   =    -0.006159245676806771908895 ;
kq10.l6b2   =     0.007043695405333410923532 ;
kq10.r6b1   =     0.007130152851327379096014 ;
kq10.r6b2   =    -0.006286085873578929963945 ;
kqtl11.l6b1 =     0.000813401878955369154502 ;
kqtl11.l6b2 =     0.001028919588373919348154 ;
kqtl11.r6b1 =     0.001200685826837445246279 ;
kqtl11.r6b2 =     0.000998290587753981537023 ;
kqt12.l6b1  =    -0.001688626843570933738423 ;
kqt12.l6b2  =    -0.003797184079385466839301 ;
kqt12.r6b1  =    -0.004950511043312162337560 ;
kqt12.r6b2  =    -0.002379137745699812581113 ;
kqt13.l6b1  =    -0.000000169933297747144955 ;
kqt13.l6b2  =     0.000544098836897905380888 ;
kqt13.r6b1  =    -0.000116417454595012451603 ;
kqt13.r6b2  =     0.000034860507837189165915 ;

