kqt13.l3b1           :=  0.001741585421696 ;  // 06/11/07 15:24
kqt12.l3b1           :=  0.001885504299258 ;
kqtl11.l3b1          :=  0.002665230798851 ;
kqtl10.l3b1          := -0.000057880136683 ;
kqtl9.l3b1           := -0.003740198831740 ;
kqtl8.l3b1           :=  0.000006247734652 ;
kqtl7.l3b1           := -0.003671580196089 ;
kq6.l3b1             :=  0.002712593681487 ;
kq6.r3b1             := -0.002488665774092 ;
kqtl7.r3b1           :=  0.000398053413337 ;
kqtl8.r3b1           :=  0.002529054602131 ;
kqtl9.r3b1           := -0.000294620956833 ;
kqtl10.r3b1          :=  0.002958740230410 ;
kqtl11.r3b1          := -0.004089455606766 ;
kqt12.r3b1           :=  0.005250000000000 ;
kqt13.r3b1           := -0.005236127493511 ;

kqt13.l3b2           := -0.005260663853154 ;  // 06/11/07 17:21
kqt12.l3b2           := -0.003597611658724 ;
kqtl11.l3b2          := -0.003511204770332 ;
kqtl10.l3b2          :=  0.001133680109448 ;
kqtl9.l3b2           := -0.000154707300149 ;
kqtl8.l3b2           :=  0.002553107172617 ;
kqtl7.l3b2           :=  0.000150219059600 ;
kq6.l3b2             := -0.002453508805980 ;
kq4.lr3              :=  0.001241284000000 ;
kqt4.lr3             :=  0.000688713000000 ;
kq5.lr3              := -0.001303924000000 ;
kqt5.lr3             :=  0.000972084000000 ;
kq6.r3b2             :=  0.002730373603747 ;
kqtl7.r3b2           := -0.004485052866641 ;
kqtl8.r3b2           := -0.000203406515291 ;
kqtl9.r3b2           := -0.003632416037875 ;
kqtl10.r3b2          :=  0.000436777926097 ;
kqtl11.r3b2          :=  0.002430483451443 ;
kqt12.r3b2           :=  0.002678267580631 ;
kqt13.r3b2           := -0.001865114802138 ;
kqt5.l3              :=  kqt5.lr3 ;
kqt4.l3              :=  kqt4.lr3 ;
kqt4.r3              :=  kqt4.lr3 ;
kqt5.r3              :=  kqt5.lr3 ;


betxip3b1= 121.566845;
betyip3b1= 218.584997;
dxip3b1  =-5.37377348E-01;
dpxip3b1 =-6.86863859E-03;
alfxip3b1= 2.29573063E+00;
alfyip3b1=-2.64289043E+00;
muxip3b1 =  2.260905;
muyip3b1 =  1.905369;

betxip3b2= 121.567284;
betyip3b2= 218.584477;
dxip3b2  =-4.45262205E-01;
dpxip3b2 = 8.74929054E-03;
alfxip3b2=-2.29572826E+00;
alfyip3b2= 2.64290488E+00;
muxip3b2 =  2.260201;
muyip3b2 =  1.989917;


