!*** IR3 Optics ***
betxIP3b1 = 121.566845;
betyIP3b1 = 218.584997;
alfxIP3b1 =   2.295731;
alfyIP3b1 =  -2.642890;
dxIP3b1   =  -0.537377;
dpxIP3b1  =  -0.006869;
betxIP3b2 = 121.567284;
betyIP3b2 = 218.584477;
alfxIP3b2 =  -2.295728;
alfyIP3b2 =   2.642905;
dxIP3b2   =  -0.445262;
dpxIP3b2  =   0.008749;
muxIP3b1  =   2.260905;
muyIP3b1  =   1.905369;
muxIP3b1_L=   1.032638;
muyIP3b1_L=   1.074570;
muxIP3b1_R=   1.228267;
muyIP3b1_R=   0.830799;
muxIP3b2  =   2.260201;
muyIP3b2  =   1.989917;
muxIP3b2_L=   1.222128;
muyIP3b2_L=   0.889549;
muxIP3b2_R=   1.038073;
muyIP3b2_R=   1.100368;

kq4.lr3     =     0.001241284000000000050518 ;
kqt4.l3     =     0.000688712999999999977117 ;
kqt4.r3     =     0.000688712999999999977117 ;
kq5.lr3     =    -0.001303923999999999925117 ;
kqt5.l3     =     0.000972084000000000012301 ;
kqt5.r3     =     0.000972084000000000012301 ;
kq6.l3b1    =     0.002712595713596807883022 ;
kq6.l3b2    =    -0.002453509088310490415807 ;
kq6.r3b1    =    -0.002488668136426059555172 ;
kq6.r3b2    =     0.002730374280667692468011 ;
kqtl7.l3b1  =    -0.003671695224603404444919 ;
kqtl7.l3b2  =     0.000150225398932678889203 ;
kqtl7.r3b1  =     0.000398044249989317725121 ;
kqtl7.r3b2  =    -0.004485264624513018646979 ;
kqtl8.l3b1  =     0.000006284366859322001778 ;
kqtl8.l3b2  =     0.002553094772847238139168 ;
kqtl8.r3b1  =     0.002529063304494318879106 ;
kqtl8.r3b2  =    -0.000203334884956735172448 ;
kqtl9.l3b1  =    -0.003740180495621033430337 ;
kqtl9.l3b2  =    -0.000154704168903230839926 ;
kqtl9.r3b1  =    -0.000294616889962425788658 ;
kqtl9.r3b2  =    -0.003632384059565550629006 ;
kqtl10.l3b1 =    -0.000057901802453182502203 ;
kqtl10.l3b2 =     0.001133697632078478449713 ;
kqtl10.r3b1 =     0.002958730744723025128662 ;
kqtl10.r3b2 =     0.000436712379877152482525 ;
kqtl11.l3b1 =     0.002665324035092367545297 ;
kqtl11.l3b2 =    -0.003511205054100279693285 ;
kqtl11.r3b1 =    -0.004089452232798524745905 ;
kqtl11.r3b2 =     0.002430633502201823715333 ;
kqt12.l3b1  =     0.001885478700800102521210 ;
kqt12.l3b2  =    -0.003597527176407332855090 ;
kqt12.r3b1  =     0.005250091425352139927474 ;
kqt12.r3b2  =     0.002678138367720146913176 ;
kqt13.l3b1  =     0.001741507109374785481487 ;
kqt13.l3b2  =    -0.005260653385441493509744 ;
kqt13.r3b1  =    -0.005236141167800128538856 ;
kqt13.r3b2  =    -0.001865298188423517933635 ;
