!*** IR3 Optics ***
betxIP3b1 = 121.566845; betyIP3b1 = 218.584997; alfxIP3b1 =   2.295731; alfyIP3b1 =  -2.642890; dxIP3b1   =  -0.537377; dpxIP3b1  =  -0.006869;
betxIP3b2 = 121.567284; betyIP3b2 = 218.584477; alfxIP3b2 =  -2.295728; alfyIP3b2 =   2.642905; dxIP3b2   =  -0.445262; dpxIP3b2  =   0.008749;
muxIP3b1  =   2.260905; muyIP3b1  =   1.905369; muxIP3b1_L=   1.032638; muyIP3b1_L=   1.074571; muxIP3b1_R=   1.228267; muyIP3b1_R=   0.830798;
muxIP3b2  =   2.260201; muyIP3b2  =   1.989917; muxIP3b2_L=   1.222129; muyIP3b2_L=   0.889547; muxIP3b2_R=   1.038072; muyIP3b2_R=   1.100370;

kq4.lr3     =     0.001241284000000000050518 ;
kqt4.l3     =     0.000688712999999999977117 ;
kqt4.r3     =     0.000688712999999999977117 ;
kq5.lr3     =    -0.001303923999999999925117 ;
kqt5.l3     =     0.000972084000000000012301 ;
kqt5.r3     =     0.000972084000000000012301 ;
kq6.l3b1    =     0.002712577655047009126538 ;
kq6.l3b2    =    -0.002453511335034842116842 ;
kq6.r3b1    =    -0.002488637464843678880760 ;
kq6.r3b2    =     0.002730383112403772342958 ;
kqtl7.l3b1  =    -0.003670492663245213116330 ;
kqtl7.l3b2  =     0.000150243372162782516232 ;
kqtl7.r3b1  =     0.000398187353943240264064 ;
kqtl7.r3b2  =    -0.004486335652090974249195 ;
kqtl8.l3b1  =     0.000005904996658980347201 ;
kqtl8.l3b2  =     0.002553037462042226281994 ;
kqtl8.r3b1  =     0.002528956756200828256964 ;
kqtl8.r3b2  =    -0.000202961352597111945864 ;
kqtl9.l3b1  =    -0.003740403897881328532798 ;
kqtl9.l3b2  =    -0.000154686596763678745232 ;
kqtl9.r3b1  =    -0.000294651660706388520729 ;
kqtl9.r3b2  =    -0.003632235180614977985980 ;
kqtl10.l3b1 =    -0.000057593753936325631313 ;
kqtl10.l3b2 =     0.001133768252890683279552 ;
kqtl10.r3b1 =     0.002958843374100324566389 ;
kqtl10.r3b2 =     0.000436442131281946407283 ;
kqtl11.l3b1 =     0.002664328678539758764321 ;
kqtl11.l3b2 =    -0.003511191157589109174825 ;
kqtl11.r3b1 =    -0.004089484808290552546317 ;
kqtl11.r3b2 =     0.002431382357354008091205 ;
kqt12.l3b1  =     0.001885968083200757934581 ;
kqt12.l3b2  =    -0.003597116349992922693102 ;
kqt12.r3b1  =     0.005249046353931720136632 ;
kqt12.r3b2  =     0.002677604506101690165498 ;
kqt13.l3b1  =     0.001742367915826761089887 ;
kqt13.l3b2  =    -0.005260559871633626975729 ;
kqt13.r3b1  =    -0.005235963211299920865016 ;
kqt13.r3b2  =    -0.001866198824934569991743 ;

