!*** IR3 Optics ***
betxIP3b1 = 121.566845; betyIP3b1 = 218.584997; alfxIP3b1 =   2.295731; alfyIP3b1 =  -2.642890; dxIP3b1   =  -0.537377; dpxIP3b1  =  -0.006869;
betxIP3b2 = 121.567284; betyIP3b2 = 218.584477; alfxIP3b2 =  -2.295728; alfyIP3b2 =   2.642905; dxIP3b2   =  -0.445262; dpxIP3b2  =   0.008749;
muxIP3b1  =   2.260905; muyIP3b1  =   1.905369; muxIP3b1_L=   1.032638; muyIP3b1_L=   1.074571; muxIP3b1_R=   1.228267; muyIP3b1_R=   0.830798;
muxIP3b2  =   2.260201; muyIP3b2  =   1.989917; muxIP3b2_L=   1.222129; muyIP3b2_L=   0.889547; muxIP3b2_R=   1.038072; muyIP3b2_R=   1.100370;

kq4.lr3     =     0.001241284000000000050518 ;
kqt4.l3     =     0.000688712999999999977117 ;
kqt4.r3     =     0.000688712999999999977117 ;
kq5.lr3     =    -0.001303923999999999925117 ;
kqt5.l3     =     0.000972084000000000012301 ;
kqt5.r3     =     0.000972084000000000012301 ;
kq6.l3b1    =     0.002712562677665994459453 ;
kq6.l3b2    =    -0.002453343542568953063870 ;
kq6.r3b1    =    -0.002488587600610146256808 ;
kq6.r3b2    =     0.002730365948900121027265 ;
kqtl7.l3b1  =    -0.003664261559193672090212 ;
kqtl7.l3b2  =     0.000149398446576011327026 ;
kqtl7.r3b1  =     0.000397730390608185013258 ;
kqtl7.r3b2  =    -0.004476851880938164870982 ;
kqtl8.l3b1  =     0.000004013638159192499280 ;
kqtl8.l3b2  =     0.002555465327857898202163 ;
kqtl8.r3b1  =     0.002529607677414815337241 ;
kqtl8.r3b2  =    -0.000206213780962088467658 ;
kqtl9.l3b1  =    -0.003742423492723159078599 ;
kqtl9.l3b2  =    -0.000155081088052047317161 ;
kqtl9.r3b1  =    -0.000294984990492551998192 ;
kqtl9.r3b2  =    -0.003634033468876798119579 ;
kqtl10.l3b1 =    -0.000054889349666877228987 ;
kqtl10.l3b2 =     0.001132263596874677827331 ;
kqtl10.r3b1 =     0.002958552058098809760950 ;
kqtl10.r3b2 =     0.000439051491848943228110 ;
kqtl11.l3b1 =     0.002659243067600601702349 ;
kqtl11.l3b2 =    -0.003510617981690685503876 ;
kqtl11.r3b1 =    -0.004089267082109645200239 ;
kqtl11.r3b2 =     0.002424439199913001104919 ;
kqt12.l3b1  =     0.001889303113497906982249 ;
kqt12.l3b2  =    -0.003611046304628292777372 ;
kqt12.r3b1  =     0.005243396331477907616747 ;
kqt12.r3b2  =     0.002682552448758602700596 ;
kqt13.l3b1  =     0.001749302008231919157780 ;
kqt13.l3b2  =    -0.005260174679133306288592 ;
kqt13.r3b1  =    -0.005236141040868873101910 ;
kqt13.r3b2  =    -0.001859929319778295389240 ;

