!*** IR4 Optics ***
betxIP4b1 = 235.250948; betyIP4b1 = 273.774417; alfxIP4b1 =   0.457108; alfyIP4b1 =  -0.379447; dxIP4b1   =  -0.000000; dpxIP4b1  =   0.000000;
betxIP4b2 = 234.986703; betyIP4b2 = 252.134379; alfxIP4b2 =  -0.496558; alfyIP4b2 =   0.689635; dxIP4b2   =   0.000000; dpxIP4b2  =   0.000000;
muxIP4b1  =   2.045047; muyIP4b1  =   1.941411; muxIP4b1_L=   1.054099; muyIP4b1_L=   0.944292; muxIP4b1_R=   0.990948; muyIP4b1_R=   0.997119;
muxIP4b2  =   2.048374; muyIP4b2  =   1.934102; muxIP4b2_L=   1.000728; muyIP4b2_L=   0.858270; muxIP4b2_R=   1.047646; muyIP4b2_R=   1.075832;

kq5.l4b1    =     0.004275531558829848664816 ;
kq5.l4b2    =    -0.004164442126382559769548 ;
kq5.r4b1    =    -0.004334607081639374817628 ;
kq5.r4b2    =     0.004249571666367809620601 ;
kq6.l4b1    =    -0.005151421716767812415683 ;
kq6.l4b2    =     0.004987815796897763533091 ;
kq6.r4b1    =     0.005239612513907116776724 ;
kq6.r4b2    =    -0.005674434204093088685017 ;
kq7.l4b1    =     0.007380634787088167711455 ;
kq7.l4b2    =    -0.004046114933272381211649 ;
kq7.r4b1    =    -0.006891021501477798301416 ;
kq7.r4b2    =     0.007426275683470912221396 ;
kq8.l4b1    =    -0.006611629220698295519854 ;
kq8.l4b2    =     0.005960475674436865531347 ;
kq8.r4b1    =     0.006806774118707676311801 ;
kq8.r4b2    =    -0.008090807807930908146510 ;
kq9.l4b1    =     0.006953700647624392640334 ;
kq9.l4b2    =    -0.005476600515448756464898 ;
kq9.r4b1    =    -0.006247771452102962759512 ;
kq9.r4b2    =     0.007197293102167320183460 ;
kq10.l4b1   =    -0.007297988756512089128514 ;
kq10.l4b2   =     0.007276119065097283629406 ;
kq10.r4b1   =     0.007289125745767691989807 ;
kq10.r4b2   =    -0.007118756015579904943003 ;
kqtl11.l4b1 =     0.000569392831555818722949 ;
kqtl11.l4b2 =    -0.003079851273390356997117 ;
kqtl11.r4b1 =    -0.000871067973730197818612 ;
kqtl11.r4b2 =     0.000691490522647528237446 ;
kqt12.l4b1  =    -0.000738243688767548718495 ;
kqt12.l4b2  =     0.000174464744915418427202 ;
kqt12.r4b1  =    -0.003237066523549862132741 ;
kqt12.r4b2  =     0.002165093384929311828152 ;
kqt13.l4b1  =     0.000179135585247008839770 ;
kqt13.l4b2  =    -0.001714954215315299314998 ;
kqt13.r4b1  =    -0.002507002719446468474301 ;
kqt13.r4b2  =     0.001252512680732738303835 ;

