! injection optics with increased beta function in the instruements
! received on 14 Oct 2014, S. Fartoukh

KQ5.L4B1=0.427552370100E-02;
KQ5.R4B1=-0.433460837500E-02;
KQ6.L4B1=-0.515141636300E-02;
KQ6.R4B1=0.523961368700E-02;
KQ7.L4B1=0.738064010600E-02;
KQ7.R4B1=-0.689102839500E-02;
KQ8.L4B1=-0.661163688200E-02;
KQ8.R4B1=0.680677412900E-02;
KQ9.L4B1=0.695370942800E-02;
KQ9.R4B1=-0.624776727100E-02;
KQ10.L4B1=-0.729799584300E-02;
KQ10.R4B1=0.728912454400E-02;
KQTL11.L4B1=0.569395454500E-03;
KQTL11.R4B1=-0.871047056600E-03;
KQT12.L4B1=-0.738238648200E-03;
KQT12.R4B1=-0.323707417400E-02;
KQT13.L4B1=0.179194050800E-03;
KQT13.R4B1=-0.250701102500E-02;


KQ5.L4B2=-0.416443657938E-02;
KQ5.R4B2=0.424957148142E-02;
KQ6.L4B2=0.498781543660E-02;
KQ6.R4B2=-0.567443780595E-02;
KQ7.L4B2=-0.404611975589E-02;
KQ7.R4B2=0.742627795723E-02;
KQ8.L4B2=0.596048161044E-02;
KQ8.R4B2=-0.809082046202E-02;
KQ9.L4B2=-0.547659137962E-02;
KQ9.R4B2=0.719729486699E-02;
KQ10.L4B2=0.727611880696E-02;
KQ10.R4B2=-0.711875988359E-02;
KQTL11.L4B2=-0.307985210983E-02;
KQTL11.R4B2=0.691490848601E-03;
KQT12.L4B2=0.174481653071E-03;
KQT12.R4B2=0.216509173607E-02;
KQT13.L4B2=-0.171495305639E-02;
KQT13.R4B2=0.125252051619E-02;

betxip4b1 = 235.250947622919 ;
betyip4b1 = 273.774417149694 ;
alfxip4b1 = 0.457107565296148 ;
alfyip4b1 = -0.37944739264688 ;
dxip4b1 = -1.23072421163392e-10 ;
dpxip4b1 = -1.51471391852953e-12 ;
muxip4b1 = 2.04504720013918 ;
muyip4b1 = 1.94141099996795 ;
muxip4b1_l = 1.05409889630182 ;
muyip4b1_l = 0.9442922121541 ;
muxip4b1_r = 0.990948303837363 ;
muyip4b1_r = 0.997118787813853 ;


betxip4b2 = 234.98670265628 ;
betyip4b2 = 252.134379223554 ;
alfxip4b2 = -0.496558114635637 ;
alfyip4b2 = 0.689635093001449 ;
dxip4b2 = -5.13169763631304e-12 ;
dpxip4b2 = -4.36198386438713e-14 ;
muxip4b2 = 2.04837449999941 ;
muyip4b2 = 1.93410190000063 ;
muxip4b2_l = 1.0007285334498 ;
muyip4b2_l = 0.858268418484503 ;
muxip4b2_r = 1.0476459665496 ;
muyip4b2_r = 1.07583348151613 ;

