!*** IR4 Optics ***
betxIP4b1 = 235.250948;
betyIP4b1 = 273.774417;
alfxIP4b1 =   0.457108;
alfyIP4b1 =  -0.379447;
dxIP4b1   =  -0.000000;
dpxIP4b1  =   0.000000;
betxIP4b2 = 234.986703;
betyIP4b2 = 252.134379;
alfxIP4b2 =  -0.496558;
alfyIP4b2 =   0.689635;
dxIP4b2   =   0.000000;
dpxIP4b2  =   0.000000;
muxIP4b1  =   2.045047;
muyIP4b1  =   1.941411;
muxIP4b1_L=   1.054099;
muyIP4b1_L=   0.944292;
muxIP4b1_R=   0.990948;
muyIP4b1_R=   0.997119;
muxIP4b2  =   2.048374;
muyIP4b2  =   1.934102;
muxIP4b2_L=   1.000729;
muyIP4b2_L=   0.858268;
muxIP4b2_R=   1.047646;
muyIP4b2_R=   1.075833;

kq5.l4b1    =     0.004275523699378412645355 ;
kq5.l4b2    =    -0.004164436579380518047011 ;
kq5.r4b1    =    -0.004334608375085172334018 ;
kq5.r4b2    =     0.004249571481416579074586 ;
kq6.l4b1    =    -0.005151416361696148533966 ;
kq6.l4b2    =     0.004987815436599954584118 ;
kq6.r4b1    =     0.005239613686631704354835 ;
kq6.r4b2    =    -0.005674437805947914366389 ;
kq7.l4b1    =     0.007380640107017511115928 ;
kq7.l4b2    =    -0.004046119755889284255734 ;
kq7.r4b1    =    -0.006891028395425564251342 ;
kq7.r4b2    =     0.007426277957238781521343 ;
kq8.l4b1    =    -0.006611636883865589821296 ;
kq8.l4b2    =     0.005960481610439987733285 ;
kq8.r4b1    =     0.006806774129484079519092 ;
kq8.r4b2    =    -0.008090820462021926229301 ;
kq9.l4b1    =     0.006953709429876217713862 ;
kq9.l4b2    =    -0.005476591379620902692860 ;
kq9.r4b1    =    -0.006247767271170039972417 ;
kq9.r4b2    =     0.007197294866991628577158 ;
kq10.l4b1   =    -0.007297995845112967283619 ;
kq10.l4b2   =     0.007276118806960263189765 ;
kq10.r4b1   =     0.007289124543615090566495 ;
kq10.r4b2   =    -0.007118759883588227435625 ;
kqtl11.l4b1 =     0.000569395455225515478674 ;
kqtl11.l4b2 =    -0.003079852109831099620657 ;
kqtl11.r4b1 =    -0.000871047053218741598561 ;
kqtl11.r4b2 =     0.000691490848587652628780 ;
kqt12.l4b1  =    -0.000738238647329280133109 ;
kqt12.l4b2  =     0.000174481653067308034805 ;
kqt12.r4b1  =    -0.003237074177985948836983 ;
kqt12.r4b2  =     0.002165091736068809700338 ;
kqt13.l4b1  =     0.000179194062391757700375 ;
kqt13.l4b2  =    -0.001714953056390726253422 ;
kqt13.r4b1  =    -0.002507011027374600378032 ;
kqt13.r4b2  =     0.001252520516188459836701 ;
