!*** IR4 Optics ***
betxIP4b1 = 235.250948; betyIP4b1 = 273.774417; alfxIP4b1 =   0.457108; alfyIP4b1 =  -0.379447; dxIP4b1   =  -0.000000; dpxIP4b1  =  -0.000000;
betxIP4b2 = 234.986703; betyIP4b2 = 252.134379; alfxIP4b2 =  -0.496558; alfyIP4b2 =   0.689635; dxIP4b2   =   0.000000; dpxIP4b2  =  -0.000000;
muxIP4b1  =   2.045047; muyIP4b1  =   1.941411; muxIP4b1_L=   1.054099; muyIP4b1_L=   0.944292; muxIP4b1_R=   0.990948; muyIP4b1_R=   0.997119;
muxIP4b2  =   2.048374; muyIP4b2  =   1.934102; muxIP4b2_L=   1.000728; muyIP4b2_L=   0.858270; muxIP4b2_R=   1.047646; muyIP4b2_R=   1.075832;

kq5.l4b1    =     0.004275845321576438561040 ;
kq5.l4b2    =    -0.004163947785563187724278 ;
kq5.r4b1    =    -0.004335091213062406377554 ;
kq5.r4b2    =     0.004249922860696463480790 ;
kq6.l4b1    =    -0.005151448585823294699926 ;
kq6.l4b2    =     0.004987489922580148893339 ;
kq6.r4b1    =     0.005240622528431228797918 ;
kq6.r4b2    =    -0.005674771034531001651091 ;
kq7.l4b1    =     0.007380808898944303531042 ;
kq7.l4b2    =    -0.004045168373806362627221 ;
kq7.r4b1    =    -0.006901467667172637987516 ;
kq7.r4b2    =     0.007426486769199051179990 ;
kq8.l4b1    =    -0.006611885380393979841362 ;
kq8.l4b2    =     0.005960623783103037240383 ;
kq8.r4b1    =     0.006809060174309969695750 ;
kq8.r4b2    =    -0.008091192103676857552697 ;
kq9.l4b1    =     0.006953543594660041224365 ;
kq9.l4b2    =    -0.005476754871353230365305 ;
kq9.r4b1    =    -0.006247255476339106348982 ;
kq9.r4b2    =     0.007197201176803768966905 ;
kq10.l4b1   =    -0.007298757274279968863817 ;
kq10.l4b2   =     0.007276568141044250682958 ;
kq10.r4b1   =     0.007288631246524451302859 ;
kq10.r4b2   =    -0.007118906107347730029267 ;
kqtl11.l4b1 =     0.000569320690747801842931 ;
kqtl11.l4b2 =    -0.003085851432649233411915 ;
kqtl11.r4b1 =    -0.000853915414161498511833 ;
kqtl11.r4b2 =     0.000691292307985414767116 ;
kqt12.l4b1  =    -0.000738893926245701897562 ;
kqt12.l4b2  =     0.000176677923267351083504 ;
kqt12.r4b1  =    -0.003245968331010790075553 ;
kqt12.r4b2  =     0.002165213686960838507939 ;
kqt13.l4b1  =     0.000174880386475369535484 ;
kqt13.l4b2  =    -0.001718254816158759504599 ;
kqt13.r4b1  =    -0.002515907876657871682091 ;
kqt13.r4b2  =     0.001248884392187782268330 ;

