kqt13.l7b1           := -0.000034347900460 ;  //+31/05/06+16:47
kqt12.l7b1           := -0.000253121186204 ;
kqtl11.l7b1          :=  0.001554913598869 ;
kqtl10.l7b1          :=  0.003644657967386 ;
kqtl9.l7b1           :=  0.000127520789834 ;
kqtl8.l7b1           := -0.001924273745946 ;
kqtl7.l7b1           :=  0.001438672345466 ;
kq6.l7b1             :=  0.003271904300568 ;
kq6.r7b1             := -0.002859505501692 ;
kqtl7.r7b1           :=  0.002833489355691 ;
kqtl8.r7b1           :=  0.001475915778551 ;
kqtl9.r7b1           :=  0.002884790551982 ;
kqtl10.r7b1          :=  0.000284221781097 ;
kqtl11.r7b1          := -0.000443481301306 ;
kqt12.r7b1           :=  0.001563375970840 ;
kqt13.r7b1           :=  0.000467681419848 ;

kqt13.l7b2           := -0.000685703203859 ;  // 30/05/06 18:51
kqt12.l7b2           :=  0.001683847188142 ;
kqtl11.l7b2          :=  0.000038740528085 ;
kqtl10.l7b2          := -0.000586047392469 ;
kqtl9.l7b2           :=  0.003908089883054 ;
kqtl8.l7b2           :=  0.000500743521301 ;
kqtl7.l7b2           :=  0.003884595870684 ;
kq6.l7b2             := -0.003011325930026 ;
kqt5.lr7             := -0.000032657706000 ;
kq5.lr7              := -0.001335536573000 ;
kqt4.lr7             :=  0.000331689344000 ;
kq4.lr7              :=  0.001313827241000 ;
kq6.r7b2             :=  0.003290589098492 ;
kqtl7.r7b2           := -0.000265115166792 ;
kqtl8.r7b2           :=  0.000731230440886 ;
kqtl9.r7b2           := -0.000654161822925 ;
kqtl10.r7b2          :=  0.004395642824218 ;
kqtl11.r7b2          :=  0.000665321436486 ;
kqt12.r7b2           := -0.002814101354113 ;
kqt13.r7b2           := -0.000280638111600 ;

kqt5.l7              :=  kqt5.lr7 ;
kqt4.l7              :=  kqt4.lr7 ;
kqt4.r7              :=  kqt4.lr7 ;
kqt5.r7              :=  kqt5.lr7 ;

muxIP7b1= 2.4500490;  muyIP7b1= 1.9236198;  betxIP7b1=  120.813252;  betyIP7b1=  149.430517;  alfxIP7b1=    1.276977;  alfyIP7b1=   -1.385147;    dxIP7b1=   -0.328394;   dpxIP7b1=    0.002313;
muxIP7b2= 2.4894242;  muyIP7b2= 2.0029809;  betxIP7b2=  120.813252;  betyIP7b2=  149.430470;  alfxIP7b2=   -1.276977;  alfyIP7b2=    1.385146;    dxIP7b2=   -0.026124;   dpxIP7b2=   -0.000334;

