!*** IR7 Optics ***
betxIP7b1 = 120.813252; betyIP7b1 = 149.430517; alfxIP7b1 =   1.276977; alfyIP7b1 =  -1.385147; dxIP7b1   =  -0.328394; dpxIP7b1  =   0.002313;
betxIP7b2 = 120.813252; betyIP7b2 = 149.430470; alfxIP7b2 =  -1.276977; alfyIP7b2 =   1.385146; dxIP7b2   =  -0.026124; dpxIP7b2  =  -0.000334;
muxIP7b1  =   2.450049; muyIP7b1  =   1.923620; muxIP7b1_L=   1.211872; muyIP7b1_L=   0.985227; muxIP7b1_R=   1.238177; muyIP7b1_R=   0.938393;
muxIP7b2  =   2.489424; muyIP7b2  =   2.002981; muxIP7b2_L=   1.267955; muyIP7b2_L=   0.967190; muxIP7b2_R=   1.221469; muyIP7b2_R=   1.035791;

kq4.lr7     =     0.001313827240999999954735 ;
kqt4.l7     =     0.000331689344000000009647 ;
kqt4.r7     =     0.000331689344000000009647 ;
kq5.lr7     =    -0.001335536572999999893607 ;
kqt5.l7     =    -0.000032657706000000000484 ;
kqt5.r7     =    -0.000032657706000000000484 ;
kq6.l7b1    =     0.003271905392635246663524 ;
kq6.l7b2    =    -0.003011285329341486637772 ;
kq6.r7b1    =    -0.002859505199105846860036 ;
kq6.r7b2    =     0.003290589226015695756278 ;
kqtl7.l7b1  =     0.001438673323136234038361 ;
kqtl7.l7b2  =     0.003884405773255319212905 ;
kqtl7.r7b1  =     0.002833496257592261775154 ;
kqtl7.r7b2  =    -0.000265255997539256215510 ;
kqtl8.l7b1  =    -0.001924290646971516883026 ;
kqtl8.l7b2  =     0.000500889740735372041881 ;
kqtl8.r7b1  =     0.001475910725330791071347 ;
kqtl8.r7b2  =     0.000731385223814476044882 ;
kqtl9.l7b1  =     0.000127524408275444411541 ;
kqtl9.l7b2  =     0.003908093212667513444147 ;
kqtl9.r7b1  =     0.002884784083800269287312 ;
kqtl9.r7b2  =    -0.000654254197542644840534 ;
kqtl10.l7b1 =     0.003644667941014242528580 ;
kqtl10.l7b2 =    -0.000585890247408883354553 ;
kqtl10.r7b1 =     0.000284220655520263897065 ;
kqtl10.r7b2 =     0.004395621646289993474099 ;
kqtl11.l7b1 =     0.001554909933085712797282 ;
kqtl11.l7b2 =     0.000038876346652219792544 ;
kqtl11.r7b1 =    -0.000443501026382792063688 ;
kqtl11.r7b2 =     0.000665159431532872280797 ;
kqt12.l7b1  =    -0.000253036647466379441967 ;
kqt12.l7b2  =     0.001683678419113315968478 ;
kqt12.r7b1  =     0.001563346485553662994911 ;
kqt12.r7b2  =    -0.002814458133028348470195 ;
kqt13.l7b1  =    -0.000034350373815015035892 ;
kqt13.l7b2  =    -0.000685593107596200145026 ;
kqt13.r7b1  =     0.000467649503880702781776 ;
kqt13.r7b2  =    -0.000280873205981113519339 ;

