!*** IR7 Optics ***
betxIP7b1 = 120.813252;
betyIP7b1 = 149.430517;
alfxIP7b1 =   1.276977;
alfyIP7b1 =  -1.385147;
dxIP7b1   =  -0.328394;
dpxIP7b1  =   0.002313;
betxIP7b2 = 120.813252;
betyIP7b2 = 149.430470;
alfxIP7b2 =  -1.276977;
alfyIP7b2 =   1.385146;
dxIP7b2   =  -0.026124;
dpxIP7b2  =  -0.000334;
muxIP7b1  =   2.450049;
muyIP7b1  =   1.923620;
muxIP7b1_L=   1.211872;
muyIP7b1_L=   0.985227;
muxIP7b1_R=   1.238177;
muyIP7b1_R=   0.938393;
muxIP7b2  =   2.489424;
muyIP7b2  =   2.002981;
muxIP7b2_L=   1.267956;
muyIP7b2_L=   0.967191;
muxIP7b2_R=   1.221469;
muyIP7b2_R=   1.035790;

kq4.lr7     =     0.001313827240999999954735 ;
kqt4.l7     =     0.000331689344000000009647 ;
kqt4.r7     =     0.000331689344000000009647 ;
kq5.lr7     =    -0.001335536572999999893607 ;
kqt5.l7     =    -0.000032657706000000000484 ;
kqt5.r7     =    -0.000032657706000000000484 ;
kq6.l7b1    =     0.003271905010353290572944 ;
kq6.l7b2    =    -0.003011289719860476676166 ;
kq6.r7b1    =    -0.002859505123890217562210 ;
kq6.r7b2    =     0.003290588671669937223530 ;
kqtl7.l7b1  =     0.001438677741050531019851 ;
kqtl7.l7b2  =     0.003884426054204302355966 ;
kqtl7.r7b1  =     0.002833495425785296020771 ;
kqtl7.r7b2  =    -0.000265240640875158526120 ;
kqtl8.l7b1  =    -0.001924288914043579667296 ;
kqtl8.l7b2  =     0.000500873722042245532980 ;
kqtl8.r7b1  =     0.001475910994122229830811 ;
kqtl8.r7b2  =     0.000731377337539363390519 ;
kqtl9.l7b1  =     0.000127524893477056237238 ;
kqtl9.l7b2  =     0.003908100157018526941977 ;
kqtl9.r7b1  =     0.002884785031089186733977 ;
kqtl9.r7b2  =    -0.000654245347813346505260 ;
kqtl10.l7b1 =     0.003644668544898068719695 ;
kqtl10.l7b2 =    -0.000585907443076709747928 ;
kqtl10.r7b1 =     0.000284221313413983813542 ;
kqtl10.r7b2 =     0.004395617760795543851882 ;
kqtl11.l7b1 =     0.001554913930561289915275 ;
kqtl11.l7b2 =     0.000038876748867721914646 ;
kqtl11.r7b1 =    -0.000443500331521106782966 ;
kqtl11.r7b2 =     0.000665177379962431070647 ;
kqt12.l7b1  =    -0.000253043598100732998989 ;
kqt12.l7b2  =     0.001683708193327780773541 ;
kqt12.r7b1  =     0.001563350299590051143903 ;
kqt12.r7b2  =    -0.002814470487107230325247 ;
kqt13.l7b1  =    -0.000034349238326187153658 ;
kqt13.l7b2  =    -0.000685585723261682373000 ;
kqt13.r7b1  =     0.000467645860214962669210 ;
kqt13.r7b2  =    -0.000280856045959644085898 ;

