!*** IR7 Optics ***
betxIP7b1 = 120.813252; betyIP7b1 = 149.430517; alfxIP7b1 =   1.276977; alfyIP7b1 =  -1.385147; dxIP7b1   =  -0.328395; dpxIP7b1  =   0.002313;
betxIP7b2 = 120.813252; betyIP7b2 = 149.430470; alfxIP7b2 =  -1.276977; alfyIP7b2 =   1.385146; dxIP7b2   =  -0.026124; dpxIP7b2  =  -0.000334;
muxIP7b1  =   2.450049; muyIP7b1  =   1.923620; muxIP7b1_L=   1.214249; muyIP7b1_L=   0.994176; muxIP7b1_R=   1.235800; muyIP7b1_R=   0.929444;
muxIP7b2  =   2.489424; muyIP7b2  =   2.002981; muxIP7b2_L=   1.268470; muyIP7b2_L=   0.960581; muxIP7b2_R=   1.220954; muyIP7b2_R=   1.042400;

kq4.lr7     =     0.001313827240999999954735 ;
kqt4.l7     =     0.000331689344000000009647 ;
kqt4.r7     =     0.000331689344000000009647 ;
kq5.lr7     =    -0.001335536572999999893607 ;
kqt5.l7     =    -0.000032657706000000000484 ;
kqt5.r7     =    -0.000032657706000000000484 ;
kq6.l7b1    =     0.003279269706125834474286 ;
kq6.l7b2    =    -0.002761668638422213207378 ;
kq6.r7b1    =    -0.002717786532620650088304 ;
kq6.r7b2    =     0.003288805029948401511403 ;
kqtl7.l7b1  =     0.000788947774396040260592 ;
kqtl7.l7b2  =     0.003427202088514387512408 ;
kqtl7.r7b1  =     0.002540758295428225451568 ;
kqtl7.r7b2  =    -0.000299889419666971219526 ;
kqtl8.l7b1  =    -0.001032610192081957973045 ;
kqtl8.l7b2  =     0.000795880045354290747289 ;
kqtl8.r7b1  =     0.001525752761332158135080 ;
kqtl8.r7b2  =     0.001005152097608525687752 ;
kqtl9.l7b1  =     0.000185533230450237818319 ;
kqtl9.l7b2  =     0.003574646614830299419519 ;
kqtl9.r7b1  =     0.002510470550602591187361 ;
kqtl9.r7b2  =    -0.000225484427587188419060 ;
kqtl10.l7b1 =     0.003659159017227128947447 ;
kqtl10.l7b2 =    -0.000717180795775909456745 ;
kqtl10.r7b1 =     0.000380667857351138061005 ;
kqtl10.r7b2 =     0.004253482247733579579840 ;
kqtl11.l7b1 =     0.001453444800329769170597 ;
kqtl11.l7b2 =     0.000197162617882493400485 ;
kqtl11.r7b1 =    -0.000408634805563396104333 ;
kqtl11.r7b2 =     0.000423981981436618096670 ;
kqt12.l7b1  =     0.000129805285552054856107 ;
kqt12.l7b2  =    -0.003004122697001369076547 ;
kqt12.r7b1  =     0.000197898817078019618413 ;
kqt12.r7b2  =    -0.001888766039158413763757 ;
kqt13.l7b1  =    -0.000716446904408075046708 ;
kqt13.l7b2  =    -0.001023557242402113815274 ;
kqt13.r7b1  =    -0.000337164553436216437188 ;
kqt13.r7b2  =    -0.003307559288811491495647 ;

