!*** IR7 Optics ***
betxIP7b1 = 120.813252; betyIP7b1 = 149.430517; alfxIP7b1 =   1.276977; alfyIP7b1 =  -1.385147; dxIP7b1   =  -0.328395; dpxIP7b1  =   0.002313;
betxIP7b2 = 120.813252; betyIP7b2 = 149.430470; alfxIP7b2 =  -1.276977; alfyIP7b2 =   1.385146; dxIP7b2   =  -0.026124; dpxIP7b2  =  -0.000334;
muxIP7b1  =   2.450049; muyIP7b1  =   1.923620; muxIP7b1_L=   1.214249; muyIP7b1_L=   0.994176; muxIP7b1_R=   1.235800; muyIP7b1_R=   0.929444;
muxIP7b2  =   2.489424; muyIP7b2  =   2.002981; muxIP7b2_L=   1.268470; muyIP7b2_L=   0.960581; muxIP7b2_R=   1.220954; muyIP7b2_R=   1.042400;

kq4.lr7     =     0.001313827240999999954735 ;
kqt4.l7     =     0.000331689344000000009647 ;
kqt4.r7     =     0.000331689344000000009647 ;
kq5.lr7     =    -0.001335536572999999893607 ;
kqt5.l7     =    -0.000032657706000000000484 ;
kqt5.r7     =    -0.000032657706000000000484 ;
kq6.l7b1    =     0.003279094169751714180072 ;
kq6.l7b2    =    -0.002762187659384982094807 ;
kq6.r7b1    =    -0.002717895324509097230992 ;
kq6.r7b2    =     0.003288787884585674722165 ;
kqtl7.l7b1  =     0.000790431572438740799591 ;
kqtl7.l7b2  =     0.003429235416909398159041 ;
kqtl7.r7b1  =     0.002541369792883059475219 ;
kqtl7.r7b2  =    -0.000294557494801601471406 ;
kqtl8.l7b1  =    -0.001033650644880430412992 ;
kqtl8.l7b2  =     0.000793813248845810586450 ;
kqtl8.r7b1  =     0.001525276661866093938502 ;
kqtl8.r7b2  =     0.000999104294065670042735 ;
kqtl9.l7b1  =     0.000185747278761803458029 ;
kqtl9.l7b2  =     0.003574499052998202693748 ;
kqtl9.r7b1  =     0.002510401145431431432775 ;
kqtl9.r7b2  =    -0.000221110216574191227384 ;
kqtl10.l7b1 =     0.003658436614444568295290 ;
kqtl10.l7b2 =    -0.000715578963327331558746 ;
kqtl10.r7b1 =     0.000381216752076495024593 ;
kqtl10.r7b2 =     0.004251338808624174035733 ;
kqtl11.l7b1 =     0.001453396514563893692634 ;
kqtl11.l7b2 =     0.000196304561303565594348 ;
kqtl11.r7b1 =    -0.000408854853052874594316 ;
kqtl11.r7b2 =     0.000422090708809502214178 ;
kqt12.l7b1  =     0.000129733031220499587296 ;
kqt12.l7b2  =    -0.002986438809325287456475 ;
kqt12.r7b1  =     0.000204120342912403351411 ;
kqt12.r7b2  =    -0.001881481466409907392714 ;
kqt13.l7b1  =    -0.000722330378976436256015 ;
kqt13.l7b2  =    -0.001024936007703610481995 ;
kqt13.r7b1  =    -0.000337790097561636642673 ;
kqt13.r7b2  =    -0.003341368641651410332366 ;

