!*** IR7 Optics ***
betxIP7b1 = 120.813252; betyIP7b1 = 149.430517; alfxIP7b1 =   1.276977; alfyIP7b1 =  -1.385147; dxIP7b1   =  -0.328394; dpxIP7b1  =   0.002313;
betxIP7b2 = 120.813252; betyIP7b2 = 149.430470; alfxIP7b2 =  -1.276977; alfyIP7b2 =   1.385146; dxIP7b2   =  -0.026124; dpxIP7b2  =  -0.000334;
muxIP7b1  =   2.450049; muyIP7b1  =   1.923620; muxIP7b1_L=   1.211872; muyIP7b1_L=   0.985227; muxIP7b1_R=   1.238177; muyIP7b1_R=   0.938393;
muxIP7b2  =   2.489424; muyIP7b2  =   2.002981; muxIP7b2_L=   1.267955; muyIP7b2_L=   0.967190; muxIP7b2_R=   1.221469; muyIP7b2_R=   1.035791;

kq4.lr7     =     0.001313827240999999954735 ;
kqt4.l7     =     0.000331689344000000009647 ;
kqt4.r7     =     0.000331689344000000009647 ;
kq5.lr7     =    -0.001335536572999999893607 ;
kqt5.l7     =    -0.000032657706000000000484 ;
kqt5.r7     =    -0.000032657706000000000484 ;
kq6.l7b1    =     0.003272095093257027572514 ;
kq6.l7b2    =    -0.003010745184741106528215 ;
kq6.r7b1    =    -0.002859406071108143779225 ;
kq6.r7b2    =     0.003290675399034576932566 ;
kqtl7.l7b1  =     0.001437078004064864383826 ;
kqtl7.l7b2  =     0.003882493798903928570315 ;
kqtl7.r7b1  =     0.002832949034519661839215 ;
kqtl7.r7b2  =    -0.000271465094882496150910 ;
kqtl8.l7b1  =    -0.001923345584392159362749 ;
kqtl8.l7b2  =     0.000502223443868571772959 ;
kqtl8.r7b1  =     0.001476238822413273492698 ;
kqtl8.r7b2  =     0.000737181796107966606432 ;
kqtl9.l7b1  =     0.000127344554791982122457 ;
kqtl9.l7b2  =     0.003908290508256677224519 ;
kqtl9.r7b1  =     0.002884895571455741401790 ;
kqtl9.r7b2  =    -0.000657972263390557785684 ;
kqtl10.l7b1 =     0.003645370299391045582765 ;
kqtl10.l7b2 =    -0.000587239007012346899902 ;
kqtl10.r7b1 =     0.000283742575511194982957 ;
kqtl10.r7b2 =     0.004397379146945968285409 ;
kqtl11.l7b1 =     0.001554953823572161617297 ;
kqtl11.l7b2 =     0.000039693755053129104414 ;
kqtl11.r7b1 =    -0.000443306702733144923200 ;
kqtl11.r7b2 =     0.000667280225289559165112 ;
kqt12.l7b1  =    -0.000253001910623154124651 ;
kqt12.l7b2  =     0.001667421743631944527561 ;
kqt12.r7b1  =     0.001557408291637258973203 ;
kqt12.r7b2  =    -0.002821219198450393948752 ;
kqt13.l7b1  =    -0.000028630630346377188553 ;
kqt13.l7b2  =    -0.000684144787773277303182 ;
kqt13.r7b1  =     0.000468373191987209560108 ;
kqt13.r7b2  =    -0.000251804254374910787238 ;

